1.000000000000000056e-01 2.149762160743511642e+43 7.664823968519493954e+41 9.084415583165329862e+41
1.266380173467402392e-01 2.071120458404938061e+43 7.598110411635892967e+41 9.008487064086623037e+41
1.603718743751327835e-01 1.989674480357132515e+43 7.536428117526398843e+41 9.110511346015494925e+41
2.030917620904730825e-01 1.907146473677178073e+43 7.457632118800315800e+41 9.231405090663290627e+41
2.571913809059336864e-01 1.825369862982296805e+43 7.413825055229095587e+41 8.838701272669946943e+41
3.257020655659769726e-01 1.740549221762863197e+43 7.196617470645421188e+41 8.412498862004698092e+41
4.124626382901365185e-01 1.659392110777970405e+43 7.178800827982684475e+41 8.317142219240100392e+41
5.223345074266854127e-01 1.578359290314063246e+43 7.153997374903673329e+41 8.152507347054694335e+41
6.614740641230159035e-01 1.496235167428878715e+43 7.010374646578219569e+41 7.791314317971150947e+41
8.376776400682924839e-01 1.412933498494198824e+43 6.741919074947513893e+41 7.405661717613090235e+41
1.060818355139448332e+00 1.328805229171104382e+43 6.419694983325206817e+41 7.542734085937135802e+41
1.343399332598898877e+00 1.247221130836365906e+43 6.297989560020871908e+41 7.408204520927784752e+41
1.701254279852585594e+00 1.164452209246284762e+43 6.089095652700371741e+41 7.328534860176281170e+41
2.154434690031878041e+00 1.081093133795717029e+43 5.969424098943006355e+41 7.314845865230602333e+41
2.728333376486758333e+00 9.969489831732788740e+42 5.549344455387177545e+41 7.302525371103763846e+41
3.455107294592232314e+00 9.122217605482176761e+42 5.039435775995461255e+41 7.099164329270006316e+41
4.375479375074197819e+00 8.278253121209593646e+42 4.704634340975598748e+41 6.943792500943721851e+41
5.541020330009503780e+00 7.441555745095267413e+42 4.215394379587376508e+41 6.865392594558135577e+41
7.017038286703836114e+00 6.613664620146222809e+42 3.763827140312838072e+41 6.676687031584346195e+41
8.886238162743408608e+00 5.818349117496977712e+42 3.413965725976795298e+41 6.144480661817538038e+41
1.125335582600764539e+01 5.057505641709865441e+42 3.053288275864720345e+41 6.052716014514669277e+41
1.425102670302996266e+01 4.337380108058719572e+42 2.752780579131376059e+41 5.851136594632551583e+41
1.804721766827166718e+01 3.662615713490676433e+42 2.549270787103655935e+41 5.472052249052394555e+41
2.285463864134983680e+01 3.036804836989381547e+42 2.274804160536977122e+41 4.913326366371882207e+41
2.894266124716740052e+01 2.475913009311602000e+42 2.023317176245211519e+41 4.035230539302149404e+41
3.665241237079611381e+01 1.951329792242602454e+42 1.704827821897097165e+41 3.453376425847710735e+41
4.641588833612792087e+01 1.493354276440007350e+42 1.346024638509416809e+41 2.775320984644802928e+41
5.878016072274923687e+01 1.095692603729234779e+42 9.806402728795742011e+40 2.140684727838814702e+41
7.443803013251697109e+01 7.712458852762465682e+41 7.827783588715433580e+40 1.524537547898367503e+41
9.426684551178854576e+01 5.117097096778712229e+41 5.429752932825391174e+40 1.063343121593920223e+41
1.193776641714435698e+02 3.197741444321351386e+41 3.701120502738042818e+40 6.328620811792011328e+40
1.511775070615660184e+02 1.848712915385912593e+41 2.252479751533508573e+40 3.624864954418372372e+40
1.914481976169954009e+02 9.726485886369255625e+40 1.319310974535764529e+40 2.135630487590013820e+40
2.424462017082321097e+02 4.573225355701262271e+40 7.251177581175248970e+39 1.168089357214936100e+40
3.070290629757862462e+02 1.912386230479861017e+40 3.837930647949671888e+39 5.015259981937333455e+39
3.888155180308101535e+02 6.691503477910581625e+39 1.511624699216027089e+39 1.938426650628868241e+39
4.923882631706752591e+02 1.931801865772471534e+39 5.256317892210831626e+38 6.769397871304182157e+38
6.235507341273925022e+02 4.287395699586962182e+38 1.150713296977249149e+38 1.908784989654151493e+38
7.896522868499732795e+02 7.352085322373068694e+37 2.142493818678459382e+37 3.660759186293144861e+37
