1.000000000000000056e-01 7.136659965415229434e+42 3.641688475238625020e+41 3.655258733634317969e+41
1.266380173467402392e-01 6.851051927530147394e+42 3.594606240704368623e+41 3.613790280466212721e+41
1.603718743751327835e-01 6.560730182932863907e+42 3.553799512806112577e+41 3.567636341170583589e+41
2.030917620904730825e-01 6.265640349969728195e+42 3.520658609794849634e+41 3.548203039996357655e+41
2.571913809059336864e-01 5.965922877241648143e+42 3.495891544952242893e+41 3.444541572508569462e+41
3.257020655659769726e-01 5.661900924623908260e+42 3.478928383270347934e+41 3.358389577765802495e+41
4.124626382901365185e-01 5.354025602311051872e+42 3.467388027168608228e+41 3.250388312332553594e+41
5.223345074266854127e-01 5.042785461169239476e+42 3.456885899574202917e+41 3.312901163368709387e+41
6.614740641230159035e-01 4.728602382336204431e+42 3.441439305535061190e+41 3.318626562399867259e+41
8.376776400682924839e-01 4.405720974160215532e+42 3.354252980772932324e+41 3.289321550283190911e+41
1.060818355139448332e+00 4.076365576525979871e+42 3.210920231518604996e+41 3.287155611141840611e+41
1.343399332598898877e+00 3.762947126761932012e+42 3.065652054785967605e+41 3.089429531093576610e+41
1.701254279852585594e+00 3.445687746179971739e+42 2.765763112824531792e+41 2.895819259542480244e+41
2.154434690031878041e+00 3.119218564743812639e+42 2.386180372357254109e+41 2.740948484565246402e+41
2.728333376486758333e+00 2.792386217686324697e+42 2.008471815768130675e+41 2.557246508378994054e+41
3.455107294592232314e+00 2.475018460671059258e+42 1.713794494228320206e+41 2.285034690461659247e+41
4.375479375074197819e+00 2.162387466847013981e+42 1.425832895754008012e+41 2.007156276555420996e+41
5.541020330009503780e+00 1.866310228372000433e+42 1.223701212535217017e+41 1.653488152820819272e+41
7.017038286703836114e+00 1.578786817378366423e+42 1.200343975570028474e+41 1.359805903310866797e+41
8.886238162743408608e+00 1.308820979462238809e+42 1.202921169567266142e+41 1.224166674975465056e+41
1.125335582600764539e+01 1.054210470059347033e+42 1.078065006242541352e+41 1.200855190630436592e+41
1.425102670302996266e+01 8.379521204329972366e+41 1.028755463169040522e+41 9.503343925061273324e+40
1.804721766827166718e+01 6.448858228225370892e+41 8.523599347259431259e+40 7.427957131568165597e+40
2.285463864134983680e+01 4.806749699269559174e+41 6.730565388459471137e+40 5.702318098828696774e+40
2.894266124716740052e+01 3.501516385287191009e+41 5.492638606499315342e+40 4.323170282762520056e+40
3.665241237079611381e+01 2.491029099030474434e+41 4.578830214277574694e+40 2.832473799178651446e+40
4.641588833612792087e+01 1.706035825998688003e+41 3.647716637848458360e+40 1.797085929261295775e+40
5.878016072274923687e+01 1.087755534354338332e+41 2.497138334345343908e+40 1.390012497453299377e+40
7.443803013251697109e+01 6.509567574804528639e+40 1.444184231645329415e+40 1.034147475180874073e+40
9.426684551178854576e+01 3.598252372801696248e+40 6.891213136139666221e+39 7.573940656868090628e+39
1.193776641714435698e+02 1.822649187416865324e+40 2.373969341055964275e+39 4.998305183198837966e+39
1.511775070615660184e+02 9.075906707620202801e+39 9.072021419723037570e+38 2.617863365249654945e+39
1.914481976169954009e+02 4.466828145232901586e+39 8.779320456539844313e+38 6.817432584325146283e+38
2.424462017082321097e+02 1.830662766963445616e+39 2.702208668899539346e+38 3.746914962424895822e+38
3.070290629757862462e+02 6.823899989876114511e+38 7.876537297967732883e+37 1.462394586568346179e+38
3.888155180308101535e+02 2.211388871064551141e+38 3.125023429769573629e+37 6.501085771956752568e+37
4.923882631706752591e+02 6.127430278055772962e+37 1.200019058028055131e+37 2.257311740528828401e+37
6.235507341273925022e+02 1.338717521180848329e+37 3.447473726572747190e+36 6.710553989017716267e+36
7.896522868499732795e+02 2.204343677338239838e+36 6.506604666272510091e+35 1.550709838856936119e+36
