1.000000000000000056e-01 5.071324957264683885e+42 3.693068932215529001e+41 3.053085180441603534e+41
1.266380173467402392e-01 4.866585846699951948e+42 3.498261686498959665e+41 2.996832089975794110e+41
1.603718743751327835e-01 4.654987014081267015e+42 3.446132352678431101e+41 2.974942711400958162e+41
2.030917620904730825e-01 4.441138625237718923e+42 3.420723587720070097e+41 2.942510737442559363e+41
2.571913809059336864e-01 4.221711690364691894e+42 3.373739555985849458e+41 2.941978918576337134e+41
3.257020655659769726e-01 3.998039478170956264e+42 3.310969047975744487e+41 2.976395663421654311e+41
4.124626382901365185e-01 3.771675470286291957e+42 3.259718330671064170e+41 2.977288997377838141e+41
5.223345074266854127e-01 3.556016162604678004e+42 3.248373700348613206e+41 2.893907602882774974e+41
6.614740641230159035e-01 3.334073462161046900e+42 3.092405983119809183e+41 2.777744335390486194e+41
8.376776400682924839e-01 3.105117150483018558e+42 2.854143768679537653e+41 2.735286703757057635e+41
1.060818355139448332e+00 2.884051294809959973e+42 2.668492582792971931e+41 2.636863395953402214e+41
1.343399332598898877e+00 2.664962450217368911e+42 2.420217564331744356e+41 2.622555531522729418e+41
1.701254279852585594e+00 2.455844309190070064e+42 2.352431370175336785e+41 2.408137003177292836e+41
2.154434690031878041e+00 2.240394848532544897e+42 2.141505401059212552e+41 2.259480772516832590e+41
2.728333376486758333e+00 2.026520001132879497e+42 1.920808404626855004e+41 2.099567488187329170e+41
3.455107294592232314e+00 1.815106615920790717e+42 1.782677723792480527e+41 1.929248548202828914e+41
4.375479375074197819e+00 1.604980112244591705e+42 1.621434796873403996e+41 1.815466038614443828e+41
5.541020330009503780e+00 1.407469992342158618e+42 1.482724500453416523e+41 1.634048402579986886e+41
7.017038286703836114e+00 1.216516324333705797e+42 1.339495821382868075e+41 1.533716693115800910e+41
8.886238162743408608e+00 1.040953195489865406e+42 1.226365279345793348e+41 1.353700091454777165e+41
1.125335582600764539e+01 8.793842411490023485e+41 1.126736838027974653e+41 1.203132261397929770e+41
1.425102670302996266e+01 7.247521772656021060e+41 9.214852728875023755e+40 1.076563377785163004e+41
1.804721766827166718e+01 5.976753831573406517e+41 8.280821336668156616e+40 8.194209326199003645e+40
2.285463864134983680e+01 4.816967392923845419e+41 7.353348357277971181e+40 6.522551064024721062e+40
2.894266124716740052e+01 3.796956074564935633e+41 6.405352818078139656e+40 4.903875631988858391e+40
3.665241237079611381e+01 2.866988918434902708e+41 4.970013735071206505e+40 4.008735663999036569e+40
4.641588833612792087e+01 2.091580541393138934e+41 3.579004387899797058e+40 3.238103373612015970e+40
5.878016072274923687e+01 1.475969220407359178e+41 2.668094252382731184e+40 2.370798230346915054e+40
7.443803013251697109e+01 9.930536497118569422e+40 1.869029236615631783e+40 1.806586092657151270e+40
9.426684551178854576e+01 6.425380209201955186e+40 1.205813043962521713e+40 1.222703518848545638e+40
1.193776641714435698e+02 3.908872864966225693e+40 6.491517834820343910e+39 7.729455110685347413e+39
1.511775070615660184e+02 2.208895988946546280e+40 3.306389326598060060e+39 4.667919630347664943e+39
1.914481976169954009e+02 1.150090976383316225e+40 1.504929510516608109e+39 2.488306599133125701e+39
2.424462017082321097e+02 5.335175750492048114e+39 6.768592264346472809e+38 1.134179147044593743e+39
3.070290629757862462e+02 2.176930194645200238e+39 2.768604089126006761e+38 4.721422579084802279e+38
3.888155180308101535e+02 7.707208407375186043e+38 1.351167874695209124e+38 1.545533884770522449e+38
4.923882631706752591e+02 2.161740369381563869e+38 4.131641342517713193e+37 5.289827164516317638e+37
6.235507341273925022e+02 4.827906148382331850e+37 1.178512314234707471e+37 1.242594363425737951e+37
7.896522868499732795e+02 8.000316952177577676e+36 2.519070335041087321e+36 2.458276746159480134e+36
