1.000000000000000056e-01 4.551142231154214076e+42 5.090524029200896372e+41 4.998752576378331804e+41
1.266380173467402392e-01 4.346915840830587407e+42 4.738250396662595375e+41 4.984124109044770688e+41
1.603718743751327835e-01 4.148405983063013992e+42 4.473669383509659802e+41 4.865091712630260587e+41
2.030917620904730825e-01 3.947304088178883359e+42 4.213595021522735475e+41 4.686275543781394833e+41
2.571913809059336864e-01 3.753469941187233975e+42 4.054399548430095415e+41 4.492923298965585468e+41
3.257020655659769726e-01 3.550496715236527194e+42 3.827165218612433191e+41 4.306906601124438754e+41
4.124626382901365185e-01 3.346150043707649905e+42 3.601930415947080342e+41 3.986554574269522305e+41
5.223345074266854127e-01 3.137094039740916231e+42 3.302021367147821594e+41 3.910373775270457383e+41
6.614740641230159035e-01 2.928247750615044564e+42 2.943383102917313548e+41 3.884305580191188519e+41
8.376776400682924839e-01 2.723802254541919815e+42 2.684053703418317765e+41 3.832817519801634711e+41
1.060818355139448332e+00 2.526865078092929713e+42 2.532152124104803412e+41 3.714196067807525722e+41
1.343399332598898877e+00 2.326538527343922495e+42 2.145203277536964345e+41 3.673187794577508176e+41
1.701254279852585594e+00 2.142507796253018685e+42 1.877844910566046337e+41 3.371885418948367285e+41
2.154434690031878041e+00 1.958711824293851503e+42 1.791825693173144831e+41 3.210682523586062422e+41
2.728333376486758333e+00 1.777081259773814122e+42 1.752305509188108097e+41 2.800552095851367544e+41
3.455107294592232314e+00 1.608770387876947325e+42 1.797229960566676354e+41 2.312283875854584445e+41
4.375479375074197819e+00 1.426454738193531157e+42 1.570069644754948240e+41 2.081970900999126601e+41
5.541020330009503780e+00 1.245714949259004622e+42 1.332799571446970800e+41 1.952555246234835146e+41
7.017038286703836114e+00 1.076500879245726777e+42 1.085954639393160137e+41 1.783757093758078365e+41
8.886238162743408608e+00 9.284643703635078575e+41 1.089334783585177402e+41 1.525078217324398628e+41
1.125335582600764539e+01 7.966815447077755465e+41 1.048000680969753750e+41 1.205251753676357425e+41
1.425102670302996266e+01 6.681266021324624503e+41 9.305089472318778193e+40 1.088669328443946716e+41
1.804721766827166718e+01 5.491760980724634143e+41 8.188125316988878475e+40 9.410343690108270948e+40
2.285463864134983680e+01 4.420206481360027001e+41 6.984250726410106019e+40 8.417731234350669800e+40
2.894266124716740052e+01 3.447334219144549259e+41 5.370763563312501713e+40 8.223038149426959166e+40
3.665241237079611381e+01 2.683586185785231257e+41 4.322319574365334443e+40 6.792722910024792799e+40
4.641588833612792087e+01 2.069214985992526391e+41 3.762333304725167277e+40 5.428311545404242487e+40
5.878016072274923687e+01 1.579933471314405065e+41 3.439875537874827305e+40 3.835863333500002076e+40
7.443803013251697109e+01 1.148130215095260449e+41 2.603336365396347253e+40 3.186427597423136599e+40
9.426684551178854576e+01 8.264790834568461502e+40 1.955168461851481755e+40 2.773180573078169772e+40
1.193776641714435698e+02 5.981015613407979686e+40 1.502128801135729233e+40 2.158550056577862443e+40
1.511775070615660184e+02 4.187785997367263302e+40 1.025624686629184152e+40 1.650549607054676456e+40
1.914481976169954009e+02 2.882376468420972666e+40 8.066977558013632648e+39 1.239709902283520779e+40
2.424462017082321097e+02 1.967848427148924956e+40 5.206562072477040943e+39 8.289887096432532215e+39
3.070290629757862462e+02 1.301400139160408787e+40 3.985139212823915567e+39 4.845891280760286984e+39
3.888155180308101535e+02 8.012762280948524826e+39 2.296819702767273201e+39 2.992816302332071293e+39
4.923882631706752591e+02 4.747422633613200426e+39 1.291139845217789550e+39 1.635158707041856999e+39
6.235507341273925022e+02 2.600997665393179946e+39 7.281199283081556063e+38 9.063612085506734148e+38
7.896522868499732795e+02 1.258970660993905020e+39 3.628244153447958621e+38 5.327624536093767500e+38
