1.000000000000000056e-01 9.502083844426079746e+42 4.544206210523611118e+41 4.187925201790749350e+41
1.266380173467402392e-01 9.185279989355089474e+42 4.676460660389761063e+41 3.917262333036336205e+41
1.603718743751327835e-01 8.845661180400773964e+42 4.585399490478638807e+41 3.670970902608552311e+41
2.030917620904730825e-01 8.492186155166003901e+42 4.396092456476172256e+41 3.765160325540211355e+41
2.571913809059336864e-01 8.146591233709146239e+42 4.325926006255906007e+41 3.653764007764917423e+41
3.257020655659769726e-01 7.799482974980710328e+42 4.260848108138039915e+41 3.455082002732849587e+41
4.124626382901365185e-01 7.448028755562143904e+42 4.163567519427258065e+41 3.240741641901433571e+41
5.223345074266854127e-01 7.092066834850584898e+42 4.074535475569474300e+41 3.015540453380815307e+41
6.614740641230159035e-01 6.731352734623059140e+42 3.710412149813740020e+41 2.786056875890355326e+41
8.376776400682924839e-01 6.367256278480580201e+42 3.549873352230782355e+41 2.542576887637315725e+41
1.060818355139448332e+00 5.994549539807298150e+42 3.460809308314162125e+41 2.340181143725721298e+41
1.343399332598898877e+00 5.617609087325514970e+42 3.372431922082235815e+41 2.257911523961583519e+41
1.701254279852585594e+00 5.223625366548090672e+42 3.133060532197021004e+41 2.219279889275423785e+41
2.154434690031878041e+00 4.828069792030514735e+42 2.718466280123654293e+41 1.988516811745600792e+41
2.728333376486758333e+00 4.453576976205248650e+42 2.561067318013140492e+41 1.609594561889949207e+41
3.455107294592232314e+00 4.055771330074738845e+42 2.258888929337680641e+41 1.503626515238565341e+41
4.375479375074197819e+00 3.652202673549461461e+42 2.162867315556167554e+41 1.419566331403444901e+41
5.541020330009503780e+00 3.249666787163026298e+42 1.895945238226645541e+41 1.457011193247882178e+41
7.017038286703836114e+00 2.862049013569002568e+42 1.787065148416206249e+41 1.345776389549171218e+41
8.886238162743408608e+00 2.476433847447369440e+42 1.582851102756177480e+41 1.096258407267275798e+41
1.125335582600764539e+01 2.094084790464052324e+42 1.468264228452288685e+41 1.129981102831680269e+41
1.425102670302996266e+01 1.749304029991515744e+42 1.329004085578418127e+41 9.798928551016945411e+40
1.804721766827166718e+01 1.417136780530742881e+42 9.678360175946269610e+40 9.486402514063772175e+40
2.285463864134983680e+01 1.126185509712161143e+42 7.328557241574675868e+40 8.026191926815307103e+40
2.894266124716740052e+01 8.684636650771861449e+41 5.478601378559520950e+40 6.669950115427456121e+40
3.665241237079611381e+01 6.434705468896642510e+41 3.447526865742778596e+40 6.596952761577296922e+40
4.641588833612792087e+01 4.682873329942152574e+41 2.912079100273438791e+40 4.850624822970087496e+40
5.878016072274923687e+01 3.286401885285302609e+41 2.323873991308426569e+40 3.004221308377606020e+40
7.443803013251697109e+01 2.196587117871932682e+41 1.800950710807886798e+40 2.113899162827823219e+40
9.426684551178854576e+01 1.411060209355177311e+41 1.159786462840323425e+40 1.075038210890833256e+40
1.193776641714435698e+02 8.463131736415555559e+40 6.515561843927263110e+39 6.931696710153138702e+39
1.511775070615660184e+02 4.747159319248056940e+40 3.826966396098855460e+39 5.580936551809552851e+39
1.914481976169954009e+02 2.407424682865224995e+40 2.419205341635718240e+39 4.044355495148302006e+39
2.424462017082321097e+02 1.104257071676806757e+40 1.513102848849446014e+39 1.847780850102168561e+39
3.070290629757862462e+02 4.469229332189567197e+39 8.420098039077634667e+38 8.341303434828176747e+38
3.888155180308101535e+02 1.495165470446497380e+39 3.431795433774437463e+38 4.126277735182333696e+38
4.923882631706752591e+02 4.039431830175146087e+38 1.120517105227253976e+38 1.311734257693423221e+38
6.235507341273925022e+02 8.570406784340265159e+37 2.884759551358109649e+37 3.665464548337356613e+37
7.896522868499732795e+02 1.372310007979113355e+37 5.461824620258419708e+36 7.452150558012234660e+36
